0.000 0.000
0.010 0.063
0.020 0.126
0.030 0.188
0.040 0.251
0.050 0.312
0.060 0.374
0.070 0.434
0.080 0.494
0.090 0.553
0.100 0.610
0.110 0.667
0.120 0.723
0.130 0.777
0.140 0.831
0.150 0.883
0.160 0.934
0.170 0.984
0.180 1.032
0.190 1.079
0.200 1.125
0.210 1.169
0.220 1.211
0.230 1.252
0.240 1.292
0.250 1.330
0.260 1.366
0.270 1.401
0.280 1.434
0.290 1.466
0.300 1.496
0.310 1.524
0.320 1.551
0.330 1.576
0.340 1.600
0.350 1.621
0.360 1.641
0.370 1.659
0.380 1.675
0.390 1.690
0.400 1.703
0.410 1.713
0.420 1.722
0.430 1.730
0.440 1.735
0.450 1.738
0.460 1.740
0.470 1.740
0.480 1.738
0.490 1.735
0.500 1.729
0.510 1.721
0.520 1.711
0.530 1.700
0.540 1.686
0.550 1.670
0.560 1.653
0.570 1.634
0.580 1.612
0.590 1.589
0.600 1.564
0.610 1.537
0.620 1.508
0.630 1.477
0.640 1.444
0.650 1.409
0.660 1.373
0.670 1.335
0.680 1.295
0.690 1.253
0.700 1.210
0.710 1.165
0.720 1.119
0.730 1.071
0.740 1.021
0.750 0.970
0.760 0.917
0.770 0.863
0.780 0.807
0.790 0.749
0.800 0.690
0.810 0.630
0.820 0.568
0.830 0.505
0.840 0.441
0.850 0.375
0.860 0.308
0.870 0.240
0.880 0.171
0.890 0.100
0.900 0.029
0.910 -0.043
0.920 -0.115
0.930 -0.188
0.940 -0.261
0.950 -0.335
0.960 -0.409
0.970 -0.483
0.980 -0.558
0.990 -0.632
1.000 -0.707
